MeshDataFile:1.0.0 

numJoints:49

joint:0;Main;*;1.000000 0.000000 0.000000 0.000000 0.000000 1.000000 -0.000000 0.000000 0.000000 0.000000 1.000000 0.000000 0.000000 0.000000 0.000000 1.000000
joint:1;belly;Main;1.000000 0.000000 0.000000 0.000000 0.000000 1.000000 0.000000 0.000000 0.000000 0.000000 1.000000 0.000000 0.000000 4.294241 0.000000 1.000000
joint:2;chest;belly;1.000000 0.000000 -0.000000 0.000000 0.000000 0.999728 0.023325 0.000000 0.000000 -0.023325 0.999728 0.000000 0.000000 1.414760 0.000000 1.000000
joint:3;neck;chest;1.000000 0.000000 -0.000000 0.000000 -0.000000 0.953787 0.300482 0.000000 0.000000 -0.300482 0.953787 0.000000 0.000000 1.683822 0.000000 1.000000
joint:4;head;neck;1.000000 0.000000 0.000000 0.000000 0.000000 0.971705 -0.236196 0.000000 -0.000000 0.236196 0.971705 0.000000 -0.000000 0.649927 -0.000000 1.000000
joint:5;rArm1;chest;0.087324 0.047957 -0.995025 0.000000 -0.758610 -0.644189 -0.097624 0.000000 -0.645666 0.763361 -0.019873 0.000000 -1.208602 1.714393 0.098263 1.000000
joint:6;rArm2;rArm1;0.993636 0.112623 0.002062 0.000000 -0.112636 0.993241 0.028030 0.000000 0.001109 -0.028084 0.999605 0.000000 0.000000 1.330444 -0.000001 1.000000
joint:7;rHand;rArm2;1.000000 -0.000000 0.000000 0.000000 0.000000 0.998974 -0.045290 0.000000 -0.000000 0.045290 0.998974 0.000000 0.000000 1.508691 0.000000 1.000000
joint:8;rIndexfinger1;rHand;0.793106 0.254742 0.553253 0.000000 -0.259694 0.963066 -0.071157 0.000000 -0.550946 -0.087241 0.829968 0.000000 -0.155862 0.610725 -0.007153 1.000000
joint:9;rIndexFinger2;rIndexfinger1;0.819953 -0.047635 -0.570446 0.000000 0.014300 0.997925 -0.062778 0.000000 0.572253 0.043317 0.818933 0.000000 0.000000 0.141913 -0.000000 1.000000
joint:10;rIndexfinger3;rIndexFinger2;0.999385 0.031537 -0.015347 0.000000 -0.032069 0.998848 -0.035708 0.000000 0.014203 0.036178 0.999244 0.000000 -0.000000 0.133621 -0.000000 1.000000
joint:11;rThumb1;rHand;0.079411 0.355843 0.931166 0.000000 -0.883313 0.458056 -0.099715 0.000000 -0.462009 -0.814592 0.350696 0.000000 -0.081388 0.228444 -0.039031 1.000000
joint:12;rThumb2;rThumb1;0.675454 -0.456353 -0.579227 0.000000 0.146274 0.852807 -0.501323 0.000000 0.722749 0.253895 0.642784 0.000000 -0.000000 0.267576 0.000000 1.000000
joint:13;rThumb3;rThumb2;0.989813 0.037567 -0.137325 0.000000 -0.040614 0.998985 -0.019455 0.000000 0.136455 0.024834 0.990335 0.000000 -0.000000 0.118611 0.000000 1.000000
joint:14;rMiddlefinger1;rHand;0.989888 0.098674 0.101911 0.000000 -0.082478 0.984864 -0.152446 0.000000 -0.115411 0.142499 0.983044 0.000000 -0.023306 0.628318 0.025599 1.000000
joint:15;rMiddlefinger2;rMiddlefinger1;0.998125 -0.004563 -0.061046 0.000000 0.004645 0.999988 0.001201 0.000000 0.061040 -0.001482 0.998134 0.000000 -0.000000 0.161932 -0.000000 1.000000
joint:16;rMiddlefinger3;rMiddlefinger2;0.997752 0.015270 0.065255 0.000000 -0.010989 0.997794 -0.065476 0.000000 -0.066110 0.064612 0.995718 0.000000 0.000000 0.166560 -0.000000 1.000000
joint:17;rRingfinger1;rHand;0.999468 -0.031365 -0.008974 0.000000 0.029010 0.980313 -0.195309 0.000000 0.014924 0.194944 0.980701 0.000000 0.127446 0.604518 0.040281 1.000000
joint:18;rRingfinger2;rRingfinger1;0.999825 0.011237 0.014936 0.000000 -0.011282 0.999932 0.002940 0.000000 -0.014902 -0.003108 0.999884 0.000000 0.000000 0.162427 0.000000 1.000000
joint:19;rRingfinger3;rRingfinger2;0.997316 -0.048904 -0.054495 0.000000 0.051706 0.997346 0.051250 0.000000 0.051844 -0.053930 0.997198 0.000000 0.000000 0.154115 -0.000000 1.000000
joint:20;rPinky1;rHand;0.991706 -0.096267 -0.085154 0.000000 0.092735 0.994696 -0.044504 0.000000 0.088986 0.036238 0.995374 0.000000 0.265740 0.597213 -0.002529 1.000000
joint:21;rPinky2;rPinky1;0.999850 0.017165 -0.002491 0.000000 -0.017125 0.999736 0.015299 0.000000 0.002753 -0.015254 0.999880 0.000000 -0.000000 0.115352 -0.000000 1.000000
joint:22;rPinky3;rPinky2;0.999479 -0.024745 0.020744 0.000000 0.026241 0.996820 -0.075236 0.000000 -0.018817 0.075741 0.996950 0.000000 0.000000 0.080878 0.000000 1.000000
joint:23;lArm1;chest;0.087324 0.249007 -0.964557 0.000000 0.758610 -0.644189 -0.097623 0.000000 -0.645666 -0.723198 -0.245153 0.000000 1.194982 1.714393 0.098264 1.000000
joint:24;lArm2;lArm1;0.958486 0.112623 0.261955 0.000000 -0.101144 0.993241 -0.056943 0.000000 -0.266597 0.028084 0.963399 0.000000 0.000000 1.330445 -0.000000 1.000000
joint:25;lHand;lArm2;1.000000 -0.000000 0.000000 0.000000 0.000000 0.998974 0.045289 0.000000 -0.000000 -0.045289 0.998974 0.000000 0.000000 1.508691 -0.000000 1.000000
joint:26;lIndexfinger1;lHand;0.431108 0.049683 0.900931 0.000000 -0.259694 0.963066 0.071157 0.000000 -0.864121 -0.264643 0.428088 0.000000 -0.155862 0.610725 0.007153 1.000000
joint:27;lIndexFinger2;lIndexfinger1;0.757143 -0.060684 -0.650424 0.000000 0.060067 0.997925 -0.023183 0.000000 0.650481 -0.021516 0.759218 0.000000 -0.000000 0.141913 0.000000 1.000000
joint:28;lIndexfinger3;lIndexFinger2;0.999572 0.014620 0.025323 0.000000 -0.015758 0.998848 0.045333 0.000000 -0.024631 -0.045713 0.998651 0.000000 -0.000000 0.133621 -0.000000 1.000000
joint:29;lThumb1;lHand;-0.391416 -0.837708 0.380839 0.000000 -0.883312 0.458057 0.099715 0.000000 -0.257978 -0.297370 -0.919249 0.000000 -0.081388 0.228444 0.039032 1.000000
joint:30;lThumb2;lThumb1;0.358830 -0.061816 -0.931354 0.000000 -0.465822 0.852807 -0.236073 0.000000 0.808858 0.518555 0.277217 0.000000 0.000000 0.267576 0.000000 1.000000
joint:31;lThumb3;lThumb2;0.991175 -0.029237 -0.129295 0.000000 0.033406 0.998985 0.030199 0.000000 0.128280 -0.034252 0.991146 0.000000 -0.000001 0.118611 0.000000 1.000000
joint:32;lMiddlefinger1;lHand;0.964557 0.040415 0.260761 0.000000 -0.082478 0.984864 0.152446 0.000000 -0.250654 -0.168550 0.953291 0.000000 -0.023306 0.628318 -0.025598 1.000000
joint:33;lMiddlefinger2;lMiddlefinger1;0.997657 -0.004078 -0.068292 0.000000 0.003896 0.999988 -0.002801 0.000000 0.068302 0.002528 0.997661 0.000000 -0.000000 0.161931 0.000000 1.000000
joint:34;lMiddlefinger3;lMiddlefinger2;0.997496 -0.009596 0.070073 0.000000 0.004948 0.997794 0.066207 0.000000 -0.070553 -0.065694 0.995342 0.000000 0.000000 0.166560 0.000000 1.000000
joint:35;lRingfinger;lHand;0.997811 -0.016785 -0.063965 0.000000 0.029011 0.980313 0.195309 0.000000 0.059428 -0.196737 0.978654 0.000000 0.127446 0.604518 -0.040281 1.000000
joint:36;lRingfinger2;lRingfinger;0.999422 0.011148 0.032115 0.000000 -0.011032 0.999932 -0.003771 0.000000 -0.032155 0.003414 0.999477 0.000000 0.000000 0.162428 0.000001 1.000000
joint:37;lRingfinger3;lRingfinger2;0.988581 -0.059536 -0.138429 0.000000 0.053088 0.997346 -0.049816 0.000000 0.141027 0.041899 0.989119 0.000000 0.000000 0.154115 0.000001 1.000000
joint:38;lPinky1;lHand;0.956218 -0.076510 -0.282477 0.000000 0.092736 0.994696 0.044504 0.000000 0.277574 -0.068751 0.958241 0.000000 0.265740 0.597213 0.002529 1.000000
joint:39;lPinky2;lPinky1;0.999574 0.010945 0.027050 0.000000 -0.010392 0.999736 -0.020477 0.000000 -0.027267 0.020188 0.999424 0.000000 -0.000000 0.115352 -0.000001 1.000000
joint:40;lPinky3;lPinky2;0.999988 0.001324 -0.004677 0.000000 -0.000947 0.996820 0.079675 0.000000 0.004768 -0.079670 0.996810 0.000000 0.000000 0.080878 0.000001 1.000000
joint:41;rLeg1;Main;-0.001608 -0.018555 -0.999774 0.000000 -0.050217 -0.998565 0.018616 0.000000 -0.998730 0.050236 0.000636 0.000000 -0.512622 4.294241 0.000000 1.000000
joint:42;rLeg2;rLeg1;-0.000308 -0.039490 -0.999220 0.000000 0.111349 0.993005 -0.039278 0.000000 0.993781 -0.111274 0.004091 0.000000 -0.000000 2.041634 0.000000 1.000000
joint:43;rFoot1;rLeg2;-0.999133 0.009771 0.040482 0.000000 -0.039615 0.076729 -0.996265 0.000000 -0.012840 -0.997004 -0.076275 0.000000 0.000000 1.961125 0.000000 1.000000
joint:44;rFoot2;rFoot1;0.999875 -0.014269 -0.006750 0.000000 0.014878 0.994769 0.101066 0.000000 0.005273 -0.101153 0.994857 0.000000 -0.000000 0.619896 0.000000 1.000000
joint:45;lLeg1;Main;-0.001626 -0.018719 -0.999899 0.000000 0.050217 -0.998565 0.018616 0.000000 -0.998748 -0.050177 0.002508 0.000000 0.499002 4.294241 0.000000 1.000000
joint:46;lLeg2;lLeg1;-0.002718 0.039465 -0.999217 0.000000 0.111458 0.993007 0.038916 0.000000 0.993766 -0.111265 -0.007098 0.000000 0.000000 2.041634 0.000000 1.000000
joint:47;lFoot1;lLeg2;-0.999185 -0.005681 -0.039961 0.000000 0.039408 0.076770 -0.996270 0.000000 0.008728 -0.997033 -0.076483 0.000000 -0.000000 1.961121 0.000000 1.000000
joint:48;lFoot2;lFoot1;0.999879 0.014925 0.004424 0.000000 -0.015295 0.994767 0.101017 0.000000 -0.002893 -0.101072 0.994875 0.000000 0.000000 0.619818 -0.000000 1.000000

numVertices:7438
numTriangles:9828

vertex:-1.124156 7.155918 -0.242492;0.785996 0.126608;-0.514675 -0.245710 -0.821423;2 
		weight:2;0.172693 
		weight:5;0.622281
vertex:-1.148565 7.480944 -0.280105;0.800363 0.152766;-0.322407 0.308673 -0.894860;2 
		weight:2;0.059226 
		weight:3;0.017804
vertex:-1.134340 7.423993 0.546319;0.805500 0.245501;-0.445634 -0.160345 0.880738;1 
		weight:2;0.080196
vertex:-1.110982 7.044190 0.383765;0.786821 0.278585;-0.750771 -0.343981 0.563933;2 
		weight:2;0.218015 
		weight:5;0.028101
vertex:-1.096151 6.888479 0.039066;0.764748 0.307909;-0.921346 -0.385367 -0.051120;2 
		weight:1;0.001656 
		weight:2;0.349962
vertex:-1.149047 7.664392 -0.168265;0.809975 0.169148;-0.319660 0.744856 -0.585667;2 
		weight:2;0.015911 
		weight:3;0.039576
vertex:-1.138836 7.647969 0.460017;0.815435 0.225597;-0.448568 0.720614 0.528680;2 
		weight:2;0.040746 
		weight:3;0.018032
vertex:-1.158433 7.728368 0.140559;0.815218 0.196620;-0.408713 0.912401 0.021882;1 
		weight:3;0.021128
vertex:-1.611591 7.399462 0.094963;0.766141 0.197613;-0.749280 0.658149 0.073613;1 
		weight:5;0.996020
vertex:-1.579129 7.350738 -0.170425;0.763884 0.172473;-0.637033 0.584875 -0.502106;1 
		weight:5;0.988276
vertex:-1.353141 7.052456 -0.196564;0.759881 0.129348;0.464012 -0.535152 -0.705907;2 
		weight:2;0.045448 
		weight:5;0.942089
vertex:-1.294349 6.936748 0.043699;0.751941 0.103064;0.626212 -0.777158 -0.062319;2 
		weight:2;0.072630 
		weight:5;0.688739
vertex:-1.487559 7.222977 -0.285379;0.761638 0.153631;-0.100162 0.091129 -0.990789;1 
		weight:5;0.823163
vertex:-1.561457 7.339420 0.316567;0.767791 0.219808;-0.723219 0.446011 0.527284;1 
		weight:5;0.991893
vertex:-1.327826 7.035553 0.298590;0.762097 0.268844;0.475918 -0.657020 0.584659;2 
		weight:2;0.044710 
		weight:5;0.877284
vertex:-1.465468 7.212890 0.442049;0.767599 0.240247;-0.262768 -0.067325 0.962507;1 
		weight:5;0.978499
vertex:-1.459501 7.563857 0.116567;0.785890 0.197504;-0.649900 0.758486 0.048250;1 
		weight:5;0.074505
vertex:-1.234677 7.155433 -0.232019;0.776558 0.131366;0.023134 -0.465082 -0.884965;2 
		weight:2;0.099426 
		weight:5;0.869411
vertex:-1.343561 7.389328 -0.289815;0.781607 0.156169;-0.062565 0.161844 -0.984831;2 
		weight:2;0.015209 
		weight:5;0.844385
vertex:-1.407226 7.493125 0.413223;0.788809 0.223771;-0.631751 0.488921 0.601537;1 
		weight:5;0.000369
vertex:-1.224734 7.100007 0.325679;0.775482 0.270679;-0.102421 -0.728086 0.677791;2 
		weight:2;0.104174 
		weight:5;0.734773
vertex:-1.423413 7.509921 -0.199486;0.783348 0.170519;-0.521019 0.646726 -0.557031;1 
		weight:5;0.536752
vertex:-1.194855 6.962719 0.049286;0.760717 0.098172;-0.391956 -0.919874 -0.014252;2 
		weight:2;0.186226 
		weight:5;0.235229
vertex:-1.313681 7.347729 0.498825;0.788032 0.241012;-0.185557 -0.145333 0.971827;2 
		weight:2;0.022003 
		weight:5;0.352544
vertex:-3.260656 5.574132 -0.189206;0.544741 0.157276;-0.014771 -0.845723 -0.533418;1 
		weight:6;0.980873
vertex:-3.343226 5.669901 -0.246648;0.546732 0.168505;-0.456166 -0.306227 -0.835546;1 
		weight:6;0.980729
vertex:-2.881777 5.898720 -0.145291;0.497792 0.165527;-0.848591 0.022645 0.528565;1 
		weight:6;0.980904
vertex:-2.965588 5.991176 -0.195500;0.500877 0.174884;-0.442197 -0.460814 0.769488;2 
		weight:5;0.006813 
		weight:6;0.969756
vertex:-2.951643 5.975793 0.205775;0.500071 0.214643;-0.486846 -0.354545 -0.798298;2 
		weight:5;0.009640 
		weight:6;0.968421
vertex:-2.871916 5.887841 0.138454;0.497141 0.224045;-0.872006 0.078893 -0.483095;2 
		weight:5;0.008109 
		weight:6;0.969362
vertex:-2.842977 5.855916 -0.006963;0.491403 0.154862;-0.981472 0.189037 0.031252;2 
		weight:5;0.005098 
		weight:6;0.971075
vertex:-3.045315 6.079129 -0.128178;0.501698 0.184807;-0.049869 -0.889678 0.453858;2 
		weight:5;0.005138 
		weight:6;0.970615
vertex:-3.035454 6.068251 0.155566;0.501199 0.205246;-0.074283 -0.830572 -0.551935;1 
		weight:6;0.977198
vertex:-3.074255 6.111053 0.017238;0.501600 0.195168;0.058138 -0.997229 -0.046419;2 
		weight:5;0.006682 
		weight:6;0.969964
vertex:-2.893257 5.911384 -0.122816;0.495728 0.166141;-0.326006 -0.869310 -0.371511;1 
		weight:6;0.986833
vertex:-2.964546 5.990027 -0.165524;0.498438 0.175427;-0.634885 -0.517082 -0.574061;1 
		weight:6;0.983180
vertex:-2.952685 5.976943 0.175800;0.497653 0.214171;-0.604193 -0.609687 0.513062;1 
		weight:6;0.979120
vertex:-2.884869 5.902130 0.118536;0.495127 0.223532;-0.335560 -0.887350 0.316242;1 
		weight:6;0.980038
vertex:-2.860254 5.874975 -0.005155;0.489946 0.156588;-0.221967 -0.974908 -0.016908;1 
		weight:6;0.984092
vertex:-3.032362 6.064839 -0.108261;0.499662 0.185187;-0.928989 -0.174176 -0.326561;1 
		weight:6;0.982120
vertex:-3.023974 6.055587 0.133092;0.499194 0.204786;-0.886097 -0.266922 0.378927;1 
		weight:6;0.982326
vertex:-3.056978 6.091994 0.015430;0.499871 0.195091;-0.994486 -0.096745 0.040468;1 
		weight:6;0.980039
vertex:-3.281682 5.594734 -0.158273;0.540619 0.158037;-0.845288 0.084141 0.527645;1 
		weight:6;0.980428
vertex:-3.345791 5.669849 -0.210463;0.543230 0.169323;-0.477286 -0.485221 0.732638;1 
		weight:6;0.980127
vertex:-3.335150 5.657369 0.173182;0.542437 0.220845;-0.519961 -0.372491 -0.768695;1 
		weight:6;0.979659
vertex:-3.274168 5.585886 0.110465;0.539836 0.232683;-0.868937 0.133582 -0.476554;1 
		weight:6;0.979650
vertex:-3.252005 5.559959 -0.023622;0.535405 0.245387;-0.953494 0.297648 0.047487;1 
		weight:6;0.979926
vertex:-3.406471 5.741780 -0.142613;0.543686 0.181150;-0.041323 -0.888727 0.456571;1 
		weight:6;0.979902
vertex:-3.399269 5.732469 0.126483;0.543539 0.209295;-0.082890 -0.843094 -0.531340;1 
		weight:6;0.979965
vertex:-3.428633 5.767529 -0.003404;0.543634 0.195389;0.093449 -0.994944 -0.036806;1 
		weight:6;0.979778
vertex:-1.134336 6.927336 0.225908;0.775176 0.293014;-0.906519 -0.388421 0.165385;1 
		weight:2;0.297996
vertex:-1.130986 7.298558 0.466775;0.797358 0.255813;-0.460566 -0.385245 0.799666;2 
		weight:2;0.098612 
		weight:5;0.241041
vertex:-1.133170 6.944083 -0.136675;0.777431 0.105520;-0.862926 -0.398517 -0.310714;2 
		weight:2;0.300039 
		weight:5;0.380013
vertex:-1.136979 7.372899 -0.293152;0.795801 0.144352;-0.339130 -0.048190 -0.939505;2 
		weight:2;0.085930 
		weight:3;0.026406
vertex:-1.140334 7.581503 -0.206464;0.806573 0.161826;-0.305344 0.518521 -0.798687;2 
		weight:2;0.033516 
		weight:3;0.019091
vertex:-1.149921 7.709859 0.304433;0.816249 0.210996;-0.422021 0.874866 0.237715;2 
		weight:2;0.005249 
		weight:3;0.019178
vertex:-1.152325 7.723606 -0.036837;0.813697 0.181191;-0.356554 0.906018 -0.228038;1 
		weight:3;0.037537
vertex:-1.139921 7.548102 0.536475;0.811340 0.236069;-0.467279 0.322649 0.823133;2 
		weight:2;0.061123 
		weight:3;0.006354
vertex:-1.353755 7.635025 0.131183;0.796665 0.197642;-0.511529 0.858316 0.040407;1 
		weight:5;0.002632
vertex:-3.329586 5.654068 0.221954;0.547336 0.221793;-0.384816 -0.416312 0.823773;1 
		weight:6;0.980491
vertex:-1.183189 7.139177 -0.229582;0.780234 0.127486;-0.200783 -0.450029 -0.870150;2 
		weight:2;0.136738 
		weight:5;0.720687
vertex:-3.250654 5.562465 0.143025;0.544316 0.233354;0.011139 -0.891119 0.453632;1 
		weight:6;0.980427
vertex:-1.261293 7.432622 -0.277275;0.789776 0.155014;-0.046297 0.252545 -0.966477;2 
		weight:2;0.034405 
		weight:5;0.570774
vertex:-1.311864 7.571806 0.448102;0.799462 0.224647;-0.490014 0.614990 0.617797;1 
		weight:5;0.006054
vertex:-1.172289 7.082933 0.349708;0.780874 0.273724;-0.428031 -0.581725 0.691655;2 
		weight:2;0.149109 
		weight:5;0.473661
vertex:-3.221779 5.529134 -0.026975;0.538866 0.247416;0.098332 -0.994457 -0.037233;1 
		weight:6;0.980599
vertex:-1.509237 7.429531 -0.180985;0.773360 0.171920;-0.651839 0.566293 -0.504399;1 
		weight:5;0.982486
vertex:-1.245669 6.971738 0.050669;0.756946 0.100875;0.187785 -0.981807 -0.028139;2 
		weight:2;0.125003 
		weight:5;0.558294
vertex:-1.386192 7.280605 0.472810;0.778512 0.241072;-0.241438 -0.151101 0.958580;2 
		weight:2;0.001474 
		weight:5;0.943946
vertex:-1.539633 7.295852 -0.248466;0.762873 0.162842;-0.436546 0.398855 -0.806438;1 
		weight:5;0.981646
vertex:-1.521792 7.280099 0.387872;0.767430 0.229739;-0.588494 0.259074 0.765869;1 
		weight:5;0.986900
vertex:-1.300766 6.971673 0.175944;0.756093 0.282292;0.570535 -0.743948 0.347894;2 
		weight:2;0.065852 
		weight:5;0.745721
vertex:-1.389164 7.122680 0.411709;0.766245 0.252925;0.218551 -0.481355 0.848842;2 
		weight:2;0.006337 
		weight:5;0.962020
vertex:-1.595559 7.380041 0.205150;0.766898 0.208091;-0.746790 0.590010 0.306908;1 
		weight:5;0.995497
vertex:-1.417793 7.138700 -0.271780;0.761062 0.142751;0.238295 -0.263779 -0.934685;2 
		weight:2;0.009153 
		weight:5;0.597748
vertex:-1.311767 6.983160 -0.085880;0.756908 0.115534;0.575477 -0.682753 -0.450194;2 
		weight:2;0.068346 
		weight:5;0.915430
vertex:-1.608443 7.389813 -0.042102;0.764871 0.185072;-0.720489 0.660672 -0.210733;1 
		weight:5;0.993802
vertex:-1.544011 7.481769 0.098880;0.775677 0.197029;-0.743475 0.666598 0.053775;1 
		weight:5;0.986275
vertex:-1.295048 7.111390 -0.211801;0.768602 0.130386;0.209908 -0.572930 -0.792269;2 
		weight:2;0.073018 
		weight:5;0.910977
vertex:-1.417193 7.302988 -0.289621;0.771659 0.154590;-0.136847 0.068789 -0.988201;2 
		weight:2;0.001994 
		weight:5;0.933014
vertex:-1.491443 7.407747 0.388552;0.778223 0.223830;-0.718700 0.379844 0.582400;1 
		weight:5;0.702041
vertex:-1.277093 7.088486 0.317187;0.770058 0.268573;0.255354 -0.727852 0.636416;2 
		weight:2;0.072746 
		weight:5;0.824784
vertex:-1.323226 7.580325 -0.189639;0.793388 0.170344;-0.334979 0.715522 -0.613039;1 
		weight:5;0.574882
vertex:-1.145184 6.932977 0.048969;0.764303 0.094495;-0.656535 -0.754045 -0.019410;2 
		weight:2;0.261767 
		weight:5;0.013655
vertex:-1.241271 7.386775 0.519601;0.795566 0.242445;-0.154671 -0.194407 0.968650;1 
		weight:2;0.049578
vertex:-1.454011 7.555692 -0.035245;0.784635 0.184789;-0.624096 0.756673 -0.194807;1 
		weight:5;0.301197
vertex:-1.212259 7.009055 -0.112368;0.769313 0.112611;-0.283737 -0.800031 -0.528624;2 
		weight:2;0.167142 
		weight:5;0.784282
vertex:-1.282000 7.290835 -0.284022;0.780586 0.145744;0.087498 -0.147682 -0.985157;2 
		weight:2;0.054926 
		weight:5;0.901666
vertex:-1.442215 7.540690 0.287987;0.787548 0.212076;-0.677379 0.678661 0.283861;1 
		weight:5;0.037153
vertex:-1.263181 7.243139 0.457186;0.784444 0.252235;0.021241 -0.491995 0.870339;2 
		weight:2;0.055067 
		weight:5;0.852012
vertex:-1.206204 7.001944 0.201436;0.767120 0.285701;-0.332661 -0.859699 0.387626;2 
		weight:2;0.159266 
		weight:5;0.357120
vertex:-1.363525 7.424349 0.473248;0.788680 0.232497;-0.456773 0.199013 0.867036;1 
		weight:5;0.509600
vertex:-1.389848 7.452700 -0.264057;0.782071 0.163075;-0.304120 0.425188 -0.852482;1 
		weight:5;0.652229
vertex:-3.420941 5.760281 -0.167838;0.547026 0.180423;-0.855351 0.208268 -0.474341;1 
		weight:6;0.980503
vertex:-3.411809 5.749565 0.162255;0.547521 0.210457;-0.817148 0.176431 0.548763;1 
		weight:6;0.980509
vertex:-3.449543 5.793552 0.001301;0.547035 0.195632;-0.942520 0.332078 0.037142;1 
		weight:6;0.980389
vertex:-3.382537 5.696460 0.183360;0.545554 0.215468;-0.790960 -0.608853 0.060672;1 
		weight:6;0.980184
vertex:-3.437189 5.762946 0.078462;0.545487 0.202865;-0.806751 -0.590704 0.014894;1 
		weight:6;0.980178
vertex:-3.312507 5.621139 -0.212308;0.543785 0.163551;-0.757364 -0.652714 -0.019074;1 
		weight:6;0.980510
vertex:-3.304461 5.607510 0.173333;0.543504 0.226703;-0.750658 -0.660656 0.006836;1 
		weight:6;0.980036
vertex:-3.439954 5.768442 -0.080018;0.545266 0.188220;-0.784628 -0.619914 -0.008149;1 
		weight:6;0.980131
vertex:-3.390344 5.710907 -0.200841;0.545169 0.175000;-0.779316 -0.625955 -0.029116;1 
		weight:6;0.980318
vertex:-3.258246 5.554338 -0.103153;0.540074 0.151024;-0.787551 -0.616002 0.017488;1 
		weight:6;0.980388
vertex:-3.251970 5.549445 0.055654;0.539502 0.239477;-0.773925 -0.633142 -0.013093;1 
		weight:6;0.980047
vertex:-3.374974 5.705632 0.207915;0.547685 0.216292;-0.650764 -0.075902 0.755476;1 
		weight:6;0.980507
vertex:-3.444777 5.786292 -0.087920;0.547025 0.187895;-0.928217 0.298999 -0.221388;1 
		weight:6;0.980418
vertex:-3.440070 5.780884 0.087454;0.547258 0.203111;-0.909589 0.295149 0.292464;1 
		weight:6;0.980445
vertex:-3.387717 5.719954 -0.221869;0.547002 0.174273;-0.709273 0.012818 -0.704817;1 
		weight:6;0.980620
vertex:-3.299248 5.617720 -0.233777;0.545916 0.163048;-0.201519 -0.631536 -0.748700;1 
		weight:6;0.980819
vertex:-3.233119 5.541651 -0.114559;0.542639 0.150317;0.077365 -0.956337 -0.281841;1 
		weight:6;0.980758
vertex:-3.255313 5.572571 0.044973;0.537198 0.239176;-0.929416 0.299449 -0.215676;1 
		weight:6;0.979639
vertex:-3.298226 5.622887 0.145584;0.540455 0.226822;-0.705808 0.000214 -0.708403;1 
		weight:6;0.979517
vertex:-3.258881 5.577114 -0.092756;0.537836 0.151406;-0.907723 0.300275 0.293042;1 
		weight:6;0.980041
vertex:-3.307452 5.633858 -0.188162;0.541205 0.163646;-0.674665 -0.102271 0.731004;1 
		weight:6;0.980131
vertex:-3.372068 5.709784 -0.179960;0.542642 0.175237;-0.135902 -0.712228 0.688667;1 
		weight:6;0.979895
vertex:-3.411104 5.754988 0.062369;0.542688 0.202185;0.122381 -0.947000 -0.297009;1 
		weight:6;0.979722
vertex:-3.414763 5.759825 -0.074130;0.542876 0.188241;0.136053 -0.966899 0.215860;1 
		weight:6;0.979709
vertex:-3.362946 5.698472 0.153558;0.542258 0.215029;-0.194898 -0.613140 -0.765555;1 
		weight:6;0.979650
vertex:-3.414196 5.738138 0.144349;0.545810 0.209688;-0.820294 -0.569579 0.051944;1 
		weight:6;0.980273
vertex:-3.342060 5.652729 0.197315;0.545084 0.220985;-0.753637 -0.653138 0.073765;1 
		weight:6;0.980106
vertex:-3.446935 5.777450 -0.001097;0.545597 0.195490;-0.808587 -0.588357 -0.004853;1 
		weight:6;0.980133
vertex:-3.280523 5.582458 -0.173384;0.542411 0.157986;-0.763773 -0.645481 -0.002472;1 
		weight:6;0.980609
vertex:-3.352605 5.667651 -0.229957;0.545238 0.169187;-0.768296 -0.633736 -0.090002;1 
		weight:6;0.980467
vertex:-3.272433 5.572115 0.126416;0.541828 0.232627;-0.756412 -0.653899 -0.016022;1 
		weight:6;0.979992
vertex:-3.421618 5.748435 -0.155146;0.545599 0.180955;-0.801920 -0.596557 -0.032320;1 
		weight:6;0.980250
vertex:-3.247236 5.543103 -0.025059;0.536716 0.246125;-0.787287 -0.616529 0.008393;1 
		weight:6;0.980195
vertex:-3.285948 5.602684 0.197487;0.546199 0.227434;-0.137979 -0.722002 0.677993;1 
		weight:6;0.980459
vertex:-3.227669 5.535438 0.063282;0.541881 0.240328;0.074070 -0.974448 0.212048;1 
		weight:6;0.980470
vertex:-1.296776 7.509178 -0.242688;0.791336 0.162816;-0.134835 0.501100 -0.854821;2 
		weight:2;0.006717 
		weight:5;0.486432
vertex:-1.280668 7.483743 0.503540;0.797805 0.233487;-0.380814 0.247965 0.890783;1 
		weight:2;0.019053
vertex:-1.169031 6.981256 0.212494;0.770787 0.288332;-0.649552 -0.696400 0.305137;2 
		weight:2;0.212297 
		weight:5;0.116550
vertex:-1.205882 7.284146 0.469822;0.791284 0.252458;-0.081516 -0.469504 0.879160;2 
		weight:2;0.068894 
		weight:5;0.764181
vertex:-1.344200 7.620687 0.312806;0.798313 0.212685;-0.528343 0.805577 0.268139;1 
		weight:5;0.140830
vertex:-1.215375 7.313826 -0.280097;0.786833 0.143873;0.003143 -0.135475 -0.990776;2 
		weight:2;0.071491 
		weight:5;0.626344
vertex:-1.173364 6.988168 -0.115709;0.772734 0.109473;-0.514092 -0.708009 -0.484183;2 
		weight:2;0.219691 
		weight:5;0.616839
vertex:-1.346911 7.632558 -0.032538;0.795639 0.184000;-0.485006 0.852789 -0.193703;1 
		weight:5;0.006457
vertex:-1.541163 7.471313 -0.032253;0.774340 0.185630;-0.720682 0.665717 -0.193492;1 
		weight:5;0.990896
vertex:-1.261487 7.024259 -0.093217;0.763835 0.114733;0.178083 -0.829863 -0.528785;2 
		weight:2;0.113038 
		weight:5;0.869800
vertex:-1.348709 7.211133 -0.278943;0.770895 0.143696;0.141364 -0.254406 -0.956710;2 
		weight:2;0.037107 
		weight:5;0.758001
vertex:-1.527390 7.458864 0.251809;0.776944 0.210640;-0.761580 0.576755 0.295550;1 
		weight:5;0.948270
vertex:-1.326238 7.182015 0.445488;0.775649 0.252267;0.132422 -0.513237 0.847969;2 
		weight:2;0.030637 
		weight:5;0.940366
vertex:-1.253568 7.008896 0.193759;0.762717 0.282991;0.199932 -0.875874 0.439173;2 
		weight:2;0.108850 
		weight:5;0.640295
vertex:-1.445308 7.348944 0.448945;0.778514 0.232412;-0.548614 0.152078 0.822128;1 
		weight:5;0.976966
vertex:-1.468025 7.371481 -0.256313;0.772450 0.162823;-0.452509 0.349782 -0.820298;1 
		weight:5;0.973831
vertex:-1.736963 7.094449 -0.261752;0.736024 0.162395;-0.373586 0.454737 -0.808485;1 
		weight:5;0.964383
vertex:-1.934294 6.923704 -0.274706;0.711789 0.163338;-0.368271 0.459981 -0.807957;1 
		weight:5;0.977617
vertex:-2.193594 6.714391 -0.268321;0.681681 0.165503;-0.380998 0.447072 -0.809301;2 
		weight:5;0.871645 
		weight:6;0.128167
vertex:-2.437268 6.518859 -0.261274;0.653455 0.167288;-0.370444 0.446498 -0.814500;2 
		weight:5;0.103870 
		weight:6;0.896103
vertex:-2.787272 6.244387 -0.257083;0.614194 0.169602;-0.382192 0.437401 -0.814008;1 
		weight:6;0.990327
vertex:-3.032646 6.034597 -0.245324;0.586505 0.171341;-0.409476 0.417533 -0.811169;1 
		weight:6;0.986661
vertex:-3.219514 5.867436 -0.233888;0.565148 0.172898;-0.411132 0.403868 -0.817228;1 
		weight:6;0.983519
vertex:-1.776483 7.149653 -0.181621;0.737305 0.172272;-0.574433 0.642766 -0.506833;1 
		weight:5;0.993048
vertex:-1.973837 6.979146 -0.193122;0.712887 0.172973;-0.547280 0.666795 -0.505834;1 
		weight:5;0.981956
vertex:-2.233482 6.768418 -0.189807;0.682411 0.174846;-0.544252 0.665414 -0.510895;2 
		weight:5;0.885620 
		weight:6;0.114256
vertex:-2.477191 6.571670 -0.186220;0.654010 0.176335;-0.534789 0.663458 -0.523283;2 
		weight:5;0.096114 
		weight:6;0.903867
vertex:-2.826174 6.294400 -0.185118;0.614678 0.177851;-0.549840 0.647900 -0.527164;1 
		weight:6;0.991386
vertex:-3.068405 6.081117 -0.178184;0.587088 0.178951;-0.579682 0.623538 -0.524565;1 
		weight:6;0.986811
vertex:-3.253557 5.909823 -0.171283;0.565618 0.179922;-0.578979 0.618410 -0.531369;1 
		weight:6;0.983510
vertex:-1.805692 7.188822 -0.052174;0.738431 0.185409;-0.663769 0.716995 -0.212904;1 
		weight:5;0.996008
vertex:-2.002941 7.016728 -0.062530;0.713768 0.185767;-0.625620 0.750262 -0.213790;1 
		weight:5;0.986702
vertex:-2.262751 6.804744 -0.065822;0.682968 0.186885;-0.612679 0.759020 -0.220259;2 
		weight:5;0.898632 
		weight:6;0.101302
vertex:-2.506628 6.606770 -0.075641;0.654329 0.187237;-0.606751 0.758218 -0.238660;2 
		weight:5;0.086586 
		weight:6;0.913402
vertex:-2.855388 6.326458 -0.080004;0.614727 0.187604;-0.626674 0.739441 -0.245982;1 
		weight:6;0.992637
vertex:-3.095253 6.110611 -0.080699;0.587231 0.187918;-0.656797 0.712586 -0.246654;1 
		weight:6;0.986861
vertex:-3.278996 5.936646 -0.080651;0.565710 0.188253;-0.657195 0.711976 -0.247356;1 
		weight:6;0.983443
vertex:-1.509110 6.803717 -0.096270;0.731167 0.119176;0.596168 -0.691633 -0.407710;1 
		weight:5;0.860834
vertex:-1.712605 6.647674 -0.106909;0.708205 0.122502;0.567846 -0.737626 -0.365319;1 
		weight:5;0.440328
vertex:-1.977248 6.449667 -0.107921;0.678718 0.125890;0.562931 -0.747665 -0.352286;2 
		weight:5;0.874392 
		weight:6;0.125227
vertex:-2.225816 6.266175 -0.114579;0.651159 0.129731;0.548648 -0.753433 -0.362388;2 
		weight:5;0.107347 
		weight:6;0.892605
vertex:-2.590214 6.009037 -0.111015;0.611357 0.134762;0.539464 -0.766529 -0.348442;1 
		weight:6;0.990833
vertex:-2.853435 5.821737 -0.109910;0.582677 0.139716;0.548428 -0.767708 -0.331437;1 
		weight:6;0.986414
vertex:-3.055894 5.675642 -0.108684;0.560749 0.144468;0.562497 -0.758033 -0.330125;1 
		weight:6;0.983426
vertex:-1.553672 6.860112 -0.209181;0.732539 0.131475;0.509179 -0.533472 -0.675385;1 
		weight:5;0.961184
vertex:-1.755506 6.695420 -0.221612;0.708958 0.134249;0.477017 -0.586704 -0.654396;1 
		weight:5;0.640843
vertex:-2.018227 6.494154 -0.217942;0.679460 0.137165;0.453792 -0.612645 -0.647101;2 
		weight:5;0.865753 
		weight:6;0.133899
vertex:-2.265304 6.309172 -0.213322;0.651837 0.140045;0.444968 -0.616912 -0.649171;2 
		weight:5;0.108313 
		weight:6;0.891643
vertex:-2.626396 6.049965 -0.211581;0.612418 0.144938;0.441368 -0.624850 -0.644016;1 
		weight:6;0.990101
vertex:-2.886566 5.858979 -0.203431;0.584091 0.149087;0.446315 -0.632055 -0.633490;1 
		weight:6;0.986449
vertex:-3.085522 5.709876 -0.195388;0.562557 0.152953;0.452908 -0.625617 -0.635200;1 
		weight:6;0.983491
vertex:-1.617144 6.939871 -0.285039;0.733715 0.143285;0.293103 -0.255412 -0.921333;1 
		weight:5;0.956651
vertex:-1.816496 6.766261 -0.297524;0.709564 0.144990;0.259509 -0.300620 -0.917760;1 
		weight:5;0.954723
vertex:-2.076867 6.563203 -0.289714;0.680147 0.147549;0.227273 -0.330456 -0.916049;2 
		weight:5;0.860101 
		weight:6;0.139597
vertex:-2.321743 6.374439 -0.280654;0.652383 0.149895;0.228859 -0.333660 -0.914491;2 
		weight:5;0.109997 
		weight:6;0.889963
vertex:-2.678586 6.109754 -0.274956;0.613078 0.153879;0.227307 -0.340778 -0.912251;1 
		weight:6;0.989656
vertex:-2.933017 5.912539 -0.261417;0.585075 0.157094;0.226393 -0.357260 -0.906152;1 
		weight:6;0.986477
vertex:-3.127151 5.757490 -0.248187;0.563725 0.160019;0.225077 -0.362351 -0.904457;1 
		weight:6;0.983515
vertex:-3.173807 5.814249 -0.262937;0.564662 0.166405;-0.109318 0.032472 -0.993476;1 
		weight:6;0.983538
vertex:-2.984134 5.976179 -0.276723;0.585965 0.164271;-0.105625 0.048311 -0.993232;1 
		weight:6;0.986559
vertex:-2.735291 6.180401 -0.290613;0.613751 0.161901;-0.090642 0.068119 -0.993551;1 
		weight:6;0.989628
vertex:-2.383103 6.450619 -0.296168;0.652964 0.158815;-0.085241 0.075047 -0.993530;2 
		weight:5;0.109323 
		weight:6;0.890643
vertex:-2.140433 6.643066 -0.305183;0.680868 0.156834;-0.095098 0.077824 -0.992421;2 
		weight:5;0.862082 
		weight:6;0.137672
vertex:-1.881953 6.849549 -0.313035;0.710522 0.154531;-0.068577 0.101904 -0.992428;1 
		weight:5;0.974227
vertex:-1.684756 7.022614 -0.299670;0.734657 0.153379;-0.047976 0.123054 -0.991240;1 
		weight:5;0.864174
vertex:-1.809160 7.198669 0.078142;0.739426 0.197895;-0.685009 0.724684 0.074803;1 
		weight:5;0.997049
vertex:-2.006728 7.026532 0.077194;0.714654 0.198766;-0.642921 0.762527 0.072148;1 
		weight:5;0.987698
vertex:-2.267134 6.814183 0.065209;0.683721 0.198816;-0.637507 0.766999 0.072787;2 
		weight:5;0.895999 
		weight:6;0.103944
vertex:-2.516015 6.611685 0.017393;0.654211 0.195799;-0.632362 0.772568 0.057071;2 
		weight:5;0.083582 
		weight:6;0.916407
vertex:-2.862545 6.333265 0.011628;0.614714 0.195511;-0.647168 0.760335 0.055363;1 
		weight:6;0.992670
vertex:-3.101585 6.117792 0.006388;0.587349 0.195359;-0.678134 0.733465 0.046511;1 
		weight:6;0.986775
vertex:-3.285403 5.943535 0.001482;0.565821 0.195283;-0.679787 0.732280 0.040682;1 
		weight:6;0.983392
vertex:-1.793709 7.178867 0.182210;0.739737 0.208218;-0.651347 0.679975 0.336722;1 
		weight:5;0.996513
vertex:-1.991858 7.008332 0.189412;0.714938 0.209432;-0.606995 0.717687 0.341295;1 
		weight:5;0.984728
vertex:-2.253018 6.796339 0.171844;0.684092 0.208697;-0.623971 0.701276 0.344778;2 
		weight:5;0.882661 
		weight:6;0.117255
vertex:-2.501071 6.594901 0.110549;0.654490 0.204624;-0.614671 0.714959 0.333186;2 
		weight:5;0.092953 
		weight:6;0.907032
vertex:-2.849918 6.316949 0.105831;0.614659 0.203770;-0.614054 0.717759 0.328268;1 
		weight:6;0.991640
vertex:-3.089689 6.103586 0.096470;0.587370 0.203159;-0.647139 0.691637 0.320701;1 
		weight:6;0.986521
vertex:-3.274700 5.930902 0.087110;0.565862 0.202676;-0.648109 0.689677 0.322956;1 
		weight:6;0.983332
vertex:-1.663388 7.010104 0.410460;0.738711 0.239984;-0.112799 0.017549 0.993463;1 
		weight:5;0.988883
vertex:-1.861307 6.836457 0.397835;0.713686 0.238631;-0.070834 -0.022584 0.997232;1 
		weight:5;0.973847
vertex:-2.121605 6.628266 0.366384;0.683844 0.235968;-0.111302 -0.092075 0.989512;2 
		weight:5;0.853897 
		weight:6;0.145796
vertex:-2.365249 6.433962 0.303161;0.654403 0.233350;-0.068332 -0.077549 0.994644;2 
		weight:5;0.132835 
		weight:6;0.867115
vertex:-2.716991 6.165301 0.305930;0.614287 0.229515;-0.015382 -0.049746 0.998643;1 
		weight:6;0.985629
vertex:-2.966946 5.962069 0.276830;0.586766 0.226693;-0.047396 -0.098881 0.993970;1 
		weight:6;0.985557
vertex:-3.159092 5.800233 0.248845;0.565337 0.224168;-0.046084 -0.118049 0.991938;1 
		weight:6;0.983220
vertex:-1.590102 6.921780 0.386108;0.737280 0.251355;0.291639 -0.417438 0.860635;1 
		weight:5;0.985625
vertex:-1.791041 6.748253 0.365717;0.712315 0.249253;0.274518 -0.444752 0.852546;1 
		weight:5;0.970523
vertex:-2.054073 6.544504 0.335412;0.682609 0.245780;0.222301 -0.486138 0.845134;2 
		weight:5;0.852341 
		weight:6;0.147275
vertex:-2.302006 6.353881 0.272888;0.653262 0.243516;0.261058 -0.489248 0.832157;2 
		weight:5;0.055336 
		weight:6;0.870743
vertex:-2.659018 6.091951 0.271932;0.613275 0.238045;0.309099 -0.469478 0.827072;1 
		weight:6;0.986181
vertex:-2.914931 5.897167 0.245535;0.585527 0.234273;0.293873 -0.500765 0.814170;1 
		weight:6;0.985565
vertex:-3.112489 5.743070 0.220063;0.564048 0.230808;0.290634 -0.494624 0.819072;1 
		weight:6;0.983186
vertex:-1.529973 6.843377 0.283406;0.734335 0.264734;0.512327 -0.640447 0.572145;1 
		weight:5;0.722409
vertex:-1.733475 6.680641 0.267439;0.710369 0.261148;0.478907 -0.676611 0.559326;1 
		weight:5;0.711374
vertex:-1.998834 6.480598 0.245188;0.680824 0.256576;0.440612 -0.706103 0.554328;2 
		weight:5;0.629831 
		weight:6;0.139983
vertex:-2.250551 6.292128 0.186218;0.651652 0.254605;0.454739 -0.709515 0.538332;1 
		weight:6;0.880957
vertex:-2.613031 6.034538 0.182790;0.611738 0.248066;0.478999 -0.689551 0.543212;1 
		weight:6;0.988306
vertex:-2.873727 5.846167 0.167450;0.583702 0.243017;0.469663 -0.697154 0.541658;1 
		weight:6;0.985792
vertex:-3.075446 5.697973 0.152290;0.562147 0.238318;0.477322 -0.688180 0.546418;1 
		weight:6;0.983192
vertex:-1.498054 6.793777 0.167426;0.730905 0.276408;0.592714 -0.741160 0.315233;1 
		weight:5;0.304142
vertex:-1.702173 6.639478 0.155959;0.707935 0.272015;0.561853 -0.776676 0.284772;1 
		weight:5;0.700736
vertex:-1.968043 6.442637 0.139600;0.678670 0.266738;0.545435 -0.791753 0.275006;2 
		weight:5;0.442756 
		weight:6;0.131448
vertex:-2.222438 6.253668 0.075932;0.649413 0.265531;0.548865 -0.795006 0.258288;1 
		weight:6;0.892424
vertex:-2.585351 5.999628 0.091976;0.610151 0.256972;0.551293 -0.785342 0.281628;1 
		weight:6;0.990043
vertex:-2.848568 5.813798 0.081878;0.581738 0.251244;0.547914 -0.787887 0.281114;1 
		weight:6;0.986055
vertex:-3.052190 5.668285 0.072161;0.559917 0.245808;0.561760 -0.781526 0.271373;1 
		weight:6;0.983238
vertex:-3.044652 5.661690 -0.010263;0.558533 0.135766;0.590759 -0.806163 -0.033235;1 
		weight:6;0.983331
vertex:-2.840487 5.806449 -0.004958;0.579917 0.258997;0.577450 -0.815774 -0.032625;1 
		weight:6;0.986272
vertex:-2.575625 5.992294 0.001187;0.608802 0.265132;0.573827 -0.818075 -0.038424;1 
		weight:6;0.990629
vertex:-2.216894 6.242370 -0.025723;0.647305 0.274613;0.582035 -0.810687 -0.063419;1 
		weight:6;0.898726
vertex:-1.960786 6.431001 0.019734;0.676086 0.277234;0.591972 -0.804932 -0.040651;2 
		weight:5;0.481921 
		weight:6;0.125626
vertex:-1.695444 6.624997 0.027354;0.704948 0.283296;0.592525 -0.804266 -0.045504;1 
		weight:5;0.976142
vertex:-1.491358 6.769332 0.035791;0.726922 0.287945;0.625432 -0.778608 -0.051028;1 
		weight:5;0.229489
vertex:-1.759651 7.136430 0.285901;0.739859 0.219647;-0.580599 0.591830 0.559144;1 
		weight:5;0.994546
vertex:-1.957845 6.968591 0.293471;0.715134 0.220233;-0.533630 0.618627 0.576663;1 
		weight:5;0.980526
vertex:-2.219049 6.756981 0.270401;0.684546 0.218717;-0.565228 0.575513 0.591017;2 
		weight:5;0.870391 
		weight:6;0.129458
vertex:-2.464110 6.558426 0.211183;0.655104 0.215235;-0.551393 0.597752 0.581943;2 
		weight:5;0.114797 
		weight:6;0.885177
vertex:-2.813924 6.282426 0.210724;0.615013 0.213671;-0.533355 0.617497 0.578127;1 
		weight:6;0.988445
vertex:-3.056951 6.070668 0.192735;0.587611 0.212217;-0.569795 0.583102 0.579073;1 
		weight:6;0.986071
vertex:-3.244156 5.899963 0.175182;0.566090 0.211013;-0.564305 0.564519 0.602394;1 
		weight:6;0.983292
vertex:-3.206073 5.854444 0.230892;0.565836 0.217911;-0.376270 0.296401 0.877820;1 
		weight:6;0.983241
vertex:-3.016916 6.021368 0.255956;0.587282 0.219833;-0.384509 0.328049 0.862865;1 
		weight:6;0.985727
vertex:-2.771045 6.229464 0.281792;0.614648 0.222055;-0.344077 0.371697 0.862237;1 
		weight:6;0.986654
vertex:-2.421392 6.501926 0.279528;0.654804 0.224598;-0.378657 0.345482 0.858639;2 
		weight:5;0.125984 
		weight:6;0.873978
vertex:-2.177423 6.698541 0.341184;0.684261 0.227702;-0.408533 0.314625 0.856803;2 
		weight:5;0.858027 
		weight:6;0.141746
vertex:-1.917103 6.908698 0.369990;0.714405 0.229914;-0.375506 0.387561 0.841898;1 
		weight:5;0.976006
vertex:-1.719447 7.077794 0.370858;0.739180 0.230516;-0.433714 0.407436 0.803672;1 
		weight:5;0.991626
vertex:-0.336529 4.305532 0.558640;0.205336 0.683701;0.197856 -0.104925 0.974599;3 
		weight:0;0.036357 
		weight:1;0.269465 
		weight:45;0.034494
vertex:-0.797941 4.297817 0.414098;0.158293 0.675722;-0.718660 0.090214 0.689484;2 
		weight:1;0.066471 
		weight:41;0.339944
vertex:-0.290238 4.273290 -0.463147;0.254288 0.276037;0.163613 -0.268568 -0.949264;3 
		weight:0;0.073092 
		weight:1;0.260447 
		weight:45;0.032753
vertex:-0.932147 4.294488 0.059570;0.125320 0.668741;-0.999383 0.022828 0.026704;2 
		weight:1;0.028334 
		weight:41;0.943504
vertex:-0.092669 3.948644 0.029895;0.229741 0.338800;0.120794 -0.992663 0.005371;3 
		weight:0;0.674080 
		weight:1;0.006190 
		weight:41;0.274010
vertex:-0.631882 0.542723 -0.349650;0.881742 0.496699;-0.144415 -0.046083 -0.988444;2 
		weight:42;0.945140 
		weight:43;0.051225
vertex:-0.465160 0.542723 -0.228548;0.873773 0.479676;0.859485 0.287340 -0.422754;2 
		weight:42;0.914977 
		weight:43;0.074141
vertex:-0.464837 0.542723 0.108372;0.857563 0.447699;0.747925 0.230295 0.622553;2 
		weight:42;0.603006 
		weight:43;0.372347
vertex:-0.439728 0.542723 -0.071008;0.866825 0.465787;0.945854 0.318072 -0.064731;2 
		weight:42;0.827505 
		weight:43;0.154611
vertex:-0.823922 2.574907 -0.229263;0.363569 0.403982;-0.813871 -0.001190 -0.581044;2 
		weight:41;0.923305 
		weight:42;0.076612
vertex:-0.895694 2.520944 0.030769;0.077882 0.813319;-0.998691 -0.020814 0.046724;2 
		weight:41;0.914020 
		weight:42;0.085942
vertex:-0.801610 2.466765 0.292766;0.098587 0.825891;-0.826553 -0.046023 0.560974;2 
		weight:41;0.869542 
		weight:42;0.130390
vertex:-0.291226 2.449271 0.038024;0.154789 0.857056;0.997237 -0.070529 0.023316;2 
		weight:41;0.863652 
		weight:42;0.136261
vertex:-0.559577 2.554349 -0.343561;0.340090 0.416957;0.285693 -0.020692 -0.958098;2 
		weight:41;0.907465 
		weight:42;0.092400
vertex:-0.563938 2.428508 0.411194;0.119088 0.838109;0.367513 -0.086858 0.925954;2 
		weight:41;0.834487 
		weight:42;0.165417
